{
 "cells": [
  {
   "cell_type": "markdown",
   "metadata": {
    "colab_type": "text",
    "id": "view-in-github"
   },
   "source": [
    "<a href=\"https://colab.research.google.com/github/karankishinani/Emotion-detection-from-text-using-PyTorch-and-Federated-Learning/blob/master/Emotion_detection_from_text_using_PyTorch.ipynb\" target=\"_parent\"><img src=\"https://colab.research.google.com/assets/colab-badge.svg\" alt=\"Open In Colab\"/></a>"
   ]
  },
  {
   "cell_type": "markdown",
   "metadata": {
    "colab_type": "text",
    "id": "rufFNufqDmUO"
   },
   "source": [
    "# Emotion detection from text using PyTorch and Federated Learning\n",
    "\n",
    "For this project, we are going to implement an NLP task of creating a model to detect the emotion from text. We will develop this using the PyTorch library and the Federated Learning framework for decentralized training. \n",
    "\n",
    "We will create an emotion detection for the following 5 emotions:\n",
    "\n",
    "| Emotion | Emoji   | Label   |\n",
    "|------|------|------|\n",
    "|Loving| ❤️| 0|\n",
    "|Playful| ⚽️| 1|\n",
    "|Happy| 😄| 2|\n",
    "|Annoyed| 😞| 3|\n",
    "|Foodie| 🍽| 4|\n",
    "\n",
    "## Dataset\n",
    "\n",
    "We will work with a dataset (X, Y) where we have:\n",
    "*   X contains 132 sentences\n",
    "*   Y contains a label between [0, 4] corresponding to the five emotions.\n",
    "\n",
    "For example:\n",
    "\n",
    "| Sentence | Emotion   |\n",
    "|----------|-----------|\n",
    "|food is life|  🍽 Foodie|\n",
    "|I love you mum|  ❤️ Loving|\n",
    "|Stop saying bullshit|  😞 Annoyed|\n",
    "|congratulations on your acceptance|  😄 Happy|\n",
    "|The assignment is too long|    😞 Annoyed|\n",
    "|I want to go play| ⚽️ Playful|\n",
    "|she did not answer my text| 😞 Annoyed|\n",
    "|Your stupidity has no limit| 😞 Annoyed|\n",
    "|how many points did he score|  ⚽️ Playful|\n",
    "|my algorithm performs poorly| 😞 Annoyed|\n",
    "|I got approved|  😄 Happy|\n",
    "\n",
    "## The Model\n",
    "We will build an LSTM model that takes as input word sequences that will take word ordering into account. We will use 50-dimensional [GloVe](https://nlp.stanford.edu/projects/glove/) pre-trained word embeddings to represent words. We will then feed those as an input into an LSTM that will predict the most appropiate emotion for the text. \n",
    "\n",
    "![alt text](https://drive.google.com/uc?id=1s-KYhU5JWF-jvAlZ2MIKKugxLLDdhpQP)\n"
   ]
  },
  {
   "cell_type": "code",
   "execution_count": 1,
   "metadata": {
    "colab": {},
    "colab_type": "code",
    "id": "GQn1wO2qr01C"
   },
   "outputs": [],
   "source": [
    "import numpy as np\n",
    "import pandas as pd\n",
    "import matplotlib.pyplot as plt\n",
    "import csv\n",
    "import torch\n",
    "import torch.nn as nn\n",
    "import torch.nn.functional as F\n",
    "import torch.optim as optim\n",
    "from sklearn.metrics import roc_curve, auc, f1_score"
   ]
  },
  {
   "cell_type": "code",
   "execution_count": 2,
   "metadata": {
    "colab": {
     "base_uri": "https://localhost:8080/",
     "height": 54
    },
    "colab_type": "code",
    "id": "zJcTk7DnfXRx",
    "outputId": "e8e2fece-51ab-4682-c4e7-50c8debc6e6c"
   },
   "outputs": [],
   "source": [
    "# from google.colab import drive\n",
    "# drive.mount('/content/drive')"
   ]
  },
  {
   "cell_type": "code",
   "execution_count": 3,
   "metadata": {
    "colab": {},
    "colab_type": "code",
    "id": "d04n5XXyf5Cj"
   },
   "outputs": [],
   "source": [
    "# HELPER FUNCTIONS\n",
    "\n",
    "def read_glove_vecs(glove_file):\n",
    "    with open(glove_file, 'r') as f:\n",
    "        words = set()\n",
    "        word_to_vec_map = {}\n",
    "        for line in f:\n",
    "            line = line.strip().split()\n",
    "            curr_word = line[0]\n",
    "            words.add(curr_word)\n",
    "            word_to_vec_map[curr_word] = np.array(line[1:], dtype=np.float64)\n",
    "        \n",
    "        i = 1\n",
    "        words_to_index = {}\n",
    "        index_to_words = {}\n",
    "        for w in sorted(words):\n",
    "            words_to_index[w] = i\n",
    "            index_to_words[i] = w\n",
    "            i = i + 1\n",
    "    return words_to_index, index_to_words, word_to_vec_map\n",
    "\n",
    "def convert_to_one_hot(Y, C):\n",
    "    Y = np.eye(C)[Y.reshape(-1)]\n",
    "    return Y\n",
    "\n",
    "def read_csv(filename):\n",
    "    phrase = []\n",
    "    emoji = []\n",
    "\n",
    "    with open (filename) as csvDataFile:\n",
    "        csvReader = csv.reader(csvDataFile)\n",
    "\n",
    "        for row in csvReader:\n",
    "            phrase.append(row[0])\n",
    "            emoji.append(row[1])\n",
    "\n",
    "    X = np.asarray(phrase)\n",
    "    Y = np.asarray(emoji, dtype=int)\n",
    "\n",
    "    return X, Y"
   ]
  },
  {
   "cell_type": "code",
   "execution_count": 4,
   "metadata": {
    "colab": {},
    "colab_type": "code",
    "id": "RmqjSlwofS_i"
   },
   "outputs": [],
   "source": [
    "X_train, Y_train = read_csv('train.csv')\n",
    "X_test, Y_test = read_csv('test.csv')"
   ]
  },
  {
   "cell_type": "code",
   "execution_count": 5,
   "metadata": {
    "colab": {},
    "colab_type": "code",
    "id": "Gt5z5eqVih4i"
   },
   "outputs": [],
   "source": [
    "Y_oh_train = convert_to_one_hot(Y_train, C = 5)\n",
    "Y_oh_test = convert_to_one_hot(Y_test, C = 5)"
   ]
  },
  {
   "cell_type": "code",
   "execution_count": 6,
   "metadata": {
    "colab": {},
    "colab_type": "code",
    "id": "jDe5vX3qiYcB"
   },
   "outputs": [],
   "source": [
    "word_to_index, index_to_word, word_to_vec_map = read_glove_vecs('glove.6B.50d.txt')"
   ]
  },
  {
   "cell_type": "code",
   "execution_count": 7,
   "metadata": {
    "colab": {},
    "colab_type": "code",
    "id": "fh0iyxn_jDCR"
   },
   "outputs": [],
   "source": [
    "def sentences_to_indices(X, word_to_index, max_len):\n",
    "    \"\"\"\n",
    "    Converts an array of sentences (strings) into an array of indices corresponding to words in the sentences.\n",
    "    \"\"\"\n",
    "    \n",
    "    m = X.shape[0]  # number of training examples\n",
    "    \n",
    "    # Initialize X_indices as a numpy matrix of zeros and the correct shape\n",
    "    X_indices = np.zeros((m,max_len))\n",
    "    \n",
    "    for i in range(m):  # loop over training examples\n",
    "        \n",
    "        # Convert the ith sentence in lower case and split into a list of words\n",
    "        sentence_words = X[i].lower().split()\n",
    "        \n",
    "        # Initialize j to 0\n",
    "        j = 0\n",
    "        \n",
    "        # Loop over the words of sentence_words\n",
    "        for w in sentence_words:\n",
    "            # Set the (i,j)th entry of X_indices to the index of the correct word.\n",
    "            X_indices[i, j] = word_to_index[w]\n",
    "            # Increment j to j + 1\n",
    "            j = j + 1\n",
    "    \n",
    "    return X_indices"
   ]
  },
  {
   "cell_type": "code",
   "execution_count": 8,
   "metadata": {
    "colab": {
     "base_uri": "https://localhost:8080/",
     "height": 85
    },
    "colab_type": "code",
    "id": "LLyIs_aFjdfl",
    "outputId": "e7f7036a-71ac-4645-f8de-ec9618a5a9dc"
   },
   "outputs": [
    {
     "name": "stdout",
     "output_type": "stream",
     "text": [
      "X1 = ['lol' 'I love you' 'this is very yummy']\n",
      "X1_indices = [[225122.      0.      0.      0.      0.]\n",
      " [185457. 226278. 394475.      0.      0.]\n",
      " [358160. 192973. 377946. 394957.      0.]]\n"
     ]
    }
   ],
   "source": [
    "X1 = np.array([\"lol\", \"I love you\", \"this is very yummy\"])\n",
    "X1_indices = sentences_to_indices(X1,word_to_index, max_len = 5)\n",
    "print(\"X1 =\", X1)\n",
    "print(\"X1_indices =\", X1_indices)"
   ]
  },
  {
   "cell_type": "markdown",
   "metadata": {
    "colab_type": "text",
    "id": "UMKHhghrWcNn"
   },
   "source": [
    "## Defining the Network using Pretrained Embedding Layer using GloVe Word Embeddings"
   ]
  },
  {
   "cell_type": "code",
   "execution_count": 9,
   "metadata": {
    "colab": {},
    "colab_type": "code",
    "id": "JZDWRfRkWhwB"
   },
   "outputs": [],
   "source": [
    "class NN(nn.Module):\n",
    "  def __init__(self, embedding, embedding_dim, hidden_dim, vocab_size, output_dim, batch_size):\n",
    "      super(NN, self).__init__()\n",
    "\n",
    "      self.batch_size = batch_size\n",
    "\n",
    "      self.hidden_dim = hidden_dim\n",
    "\n",
    "      self.word_embeddings = embedding\n",
    "\n",
    "      # The LSTM takes word embeddings as inputs, and outputs hidden states\n",
    "      # with dimensionality hidden_dim.\n",
    "      self.lstm = nn.LSTM(embedding_dim, \n",
    "                          hidden_dim, \n",
    "                          num_layers=2,\n",
    "                          dropout = 0.5,\n",
    "                          batch_first = True)\n",
    "\n",
    "      # The linear layer that maps from hidden state space to output space\n",
    "      self.fc = nn.Linear(hidden_dim, output_dim)\n",
    "\n",
    "  def forward(self, sentence):\n",
    "      \n",
    "      #sentence = sentence.type(torch.LongTensor)\n",
    "      #print ('Shape of sentence is:', sentence.shape)\n",
    "\n",
    "      sentence = sentence.to(device)\n",
    "\n",
    "      embeds = self.word_embeddings(sentence)\n",
    "      #print ('Embedding layer output shape', embeds.shape)\n",
    "\n",
    "      # initializing the hidden state to 0\n",
    "      #hidden=None\n",
    "      \n",
    "      h0 = torch.zeros(2, sentence.size(0), hidden_dim).requires_grad_().to(device)\n",
    "      c0 = torch.zeros(2, sentence.size(0), hidden_dim).requires_grad_().to(device)\n",
    "      \n",
    "      lstm_out, h = self.lstm(embeds, (h0, c0))\n",
    "      # get info from last timestep only\n",
    "      lstm_out = lstm_out[:, -1, :]\n",
    "      #print ('LSTM layer output shape', lstm_out.shape)\n",
    "      #print ('LSTM layer output ', lstm_out)\n",
    "\n",
    "      # Dropout\n",
    "      lstm_out = F.dropout(lstm_out, 0.5)\n",
    "\n",
    "      fc_out = self.fc(lstm_out)\n",
    "      #print ('FC layer output shape', fc_out.shape)\n",
    "      #print ('FC layer output ', fc_out)\n",
    "      \n",
    "      out = fc_out\n",
    "      out = F.softmax(out, dim=1)\n",
    "      #print ('Output layer output shape', out.shape)\n",
    "      #print ('Output layer output ', out)\n",
    "      return out\n",
    "  "
   ]
  },
  {
   "cell_type": "markdown",
   "metadata": {
    "colab_type": "text",
    "id": "QK1Bty6f5yQ3"
   },
   "source": [
    "## Creating the Glove Embedding Layer"
   ]
  },
  {
   "cell_type": "code",
   "execution_count": 10,
   "metadata": {
    "colab": {},
    "colab_type": "code",
    "id": "g-UcwaXPgZyj"
   },
   "outputs": [],
   "source": [
    "def pretrained_embedding_layer(word_to_vec_map, word_to_index, non_trainable=True):\n",
    "    num_embeddings = len(word_to_index) + 1                   \n",
    "    embedding_dim = word_to_vec_map[\"cucumber\"].shape[0]  #  dimensionality of GloVe word vectors (= 50)\n",
    "\n",
    "    # Initialize the embedding matrix as a numpy array of zeros of shape (num_embeddings, embedding_dim)\n",
    "    weights_matrix = np.zeros((num_embeddings, embedding_dim))\n",
    "\n",
    "    # Set each row \"index\" of the embedding matrix to be the word vector representation of the \"index\"th word of the vocabulary\n",
    "    for word, index in word_to_index.items():\n",
    "        weights_matrix[index, :] = word_to_vec_map[word]\n",
    "\n",
    "    embed = nn.Embedding.from_pretrained(torch.from_numpy(weights_matrix).type(torch.FloatTensor), freeze=non_trainable)\n",
    "\n",
    "    return embed, num_embeddings, embedding_dim\n"
   ]
  },
  {
   "cell_type": "markdown",
   "metadata": {
    "colab_type": "text",
    "id": "C7urFqpr5ntp"
   },
   "source": [
    "## Training the model"
   ]
  },
  {
   "cell_type": "code",
   "execution_count": 17,
   "metadata": {
    "colab": {},
    "colab_type": "code",
    "id": "BEkK7S6v8dVk"
   },
   "outputs": [],
   "source": [
    "device = torch.device(\"cuda:0\" if torch.cuda.is_available() else \"cpu\")\n",
    "\n",
    "def train(model, trainloader, criterion, optimizer, epochs=10):\n",
    "    \n",
    "    model.to(device)\n",
    "    running_loss = 0\n",
    "    \n",
    "    train_losses, test_losses, accuracies, f1_scores = [], [], [], []\n",
    "    for e in range(epochs):\n",
    "\n",
    "        running_loss = 0\n",
    "        \n",
    "        model.train()\n",
    "        \n",
    "        for sentences, labels in trainloader:\n",
    "\n",
    "            sentences, labels = sentences.to(device), labels.to(device)\n",
    "\n",
    "            # 1) erase previous gradients (if they exist)\n",
    "            optimizer.zero_grad()\n",
    "\n",
    "            # 2) make a prediction\n",
    "            pred = model.forward(sentences)\n",
    "\n",
    "            # 3) calculate how much we missed\n",
    "            loss = criterion(pred, labels)\n",
    "\n",
    "            # 4) figure out which weights caused us to miss\n",
    "            loss.backward()\n",
    "\n",
    "            # 5) change those weights\n",
    "            optimizer.step()\n",
    "\n",
    "            # 6) log our progress\n",
    "            running_loss += loss.item()\n",
    "        \n",
    "        \n",
    "        else:\n",
    "\n",
    "          model.eval()\n",
    "\n",
    "          test_loss = 0\n",
    "          accuracy = 0\n",
    "          f1 = 0\n",
    "          auroc_scores = []\n",
    "          \n",
    "          \n",
    "          # Turn off gradients for validation, saves memory and computations\n",
    "          with torch.no_grad():\n",
    "              y_preds = []\n",
    "              y_trues = []\n",
    "              for sentences, labels in test_loader:\n",
    "                  sentences, labels = sentences.to(device), labels.to(device)\n",
    "                  log_ps = model(sentences)\n",
    "                  test_loss += criterion(log_ps, labels)\n",
    "                  \n",
    "                  ps = torch.exp(log_ps)\n",
    "                  print(log_ps)\n",
    "                  y_preds.extend(ps[:, 1].cpu().detach().numpy())\n",
    "                  y_trues.extend(labels.cpu().numpy())\n",
    "                  top_p, top_class = ps.topk(1, dim=1)\n",
    "                  equals = top_class == labels.view(*top_class.shape)\n",
    "                  accuracy += torch.mean(equals.type(torch.FloatTensor))\n",
    "                  f1 += f1_score(labels.cpu().numpy(), top_class.cpu().numpy(), average='micro')\n",
    "                \n",
    "                  \n",
    "              y_preds_binary = np.where(np.isin(y_preds, [0, 1, 2, 4]), 1, 0)\n",
    "              y_trues_binary = np.where(np.isin(y_trues, [0, 1, 2, 4]), 1, 0)\n",
    "              fpr, tpr, _ = roc_curve(y_trues_binary, y_preds_binary)\n",
    "              roc_auc = auc(fpr, tpr)\n",
    "              auroc_scores.append(roc_auc)\n",
    "\n",
    "\n",
    "          f1 = f1 / len(test_loader)\n",
    "          train_losses.append(running_loss/len(train_loader))\n",
    "          test_losses.append(test_loss/len(test_loader))\n",
    "          accuracies.append(accuracy / len(test_loader) * 100)\n",
    "          f1_scores.append(f1)\n",
    "          print(\"Epoch: {}/{}.. \".format(e+1, epochs),\n",
    "                \"Training Loss: {:.3f}.. \".format(running_loss/len(train_loader)),\n",
    "                \"Test Loss: {:.3f}.. \".format(test_loss/len(test_loader)),\n",
    "                \"Test Accuracy: {:.3f}\".format(accuracy/len(test_loader)))\n",
    "    plt.figure(figsize=(20, 5))\n",
    "    plt.subplot(1, 3, 1)\n",
    "    plt.plot(train_losses, c='b', label='Training loss')\n",
    "    plt.plot(test_losses, c='r', label='Testing loss')\n",
    "    plt.xticks(np.arange(0, epochs))\n",
    "    plt.title('Losses')\n",
    "    plt.legend(loc='upper right')\n",
    "\n",
    "    plt.subplot(1, 3, 2)\n",
    "    plt.plot(accuracies)\n",
    "    plt.xticks(np.arange(0, epochs))\n",
    "    plt.title('Accuracy')\n",
    "\n",
    "    plt.subplot(1, 3, 3)\n",
    "    plt.plot(f1_scores)\n",
    "    plt.xticks(np.arange(0, epochs))\n",
    "    plt.title('F1 Score')\n",
    "    \n",
    "    plt.show()\n",
    "    \n",
    "    if e == epochs - 1:  # 只在最后一个epoch后执行\n",
    "            # 计算AUROC\n",
    "        with torch.no_grad():\n",
    "            y_preds = []\n",
    "            y_trues = []\n",
    "\n",
    "            for sentences, labels in test_loader:\n",
    "                sentences, labels = sentences.to(device), labels.to(device)\n",
    "                log_ps = model(sentences)\n",
    "                ps = torch.exp(log_ps)\n",
    "\n",
    "                # 计算正类的概率\n",
    "                positive_class_probs = ps[:, [0, 1, 2, 4]].sum(axis=1).cpu().detach().numpy()\n",
    "\n",
    "                # 收集预测和真实标签\n",
    "                y_preds.extend(positive_class_probs)\n",
    "                y_trues.extend(labels.cpu().numpy())\n",
    "\n",
    "            # 转换为二进制标签\n",
    "    \n",
    "            y_trues_binary = np.where(np.isin(y_trues, [0, 1, 2, 4]), 1, 0)\n",
    "            print(y_trues_binary)\n",
    "            # 现在你可以用 y_preds_binary 和 y_trues_binary 来计算ROC和AUC\n",
    "            fpr, tpr, _ = roc_curve(y_trues_binary, y_preds)\n",
    "            roc_auc = auc(fpr, tpr)\n",
    "          \n",
    "\n",
    "\n",
    "\n",
    "\n",
    "\n",
    "\n",
    "            print(f\"Final Epoch AUROC: {roc_auc}\")\n",
    "\n",
    "\n",
    "\n",
    "            plt.figure(figsize=(3,3))\n",
    "            plt.plot(fpr, tpr, color='darkorange', lw=1, label=f'ROC curve (area = {roc_auc})')\n",
    "            plt.xlim([0.0, 1.0])\n",
    "            plt.ylim([0.0, 1.05])\n",
    "            plt.xlabel('False Positive Rate')\n",
    "            plt.ylabel('True Positive Rate')\n",
    "            plt.title('Receiver Operating Characteristic')\n",
    "            plt.legend(loc=\"lower right\")\n",
    "            plt.show()\n",
    "\n",
    "  \n",
    "\n",
    "\n",
    "\n",
    "\n",
    "\n",
    "\n",
    "    # Plot\n",
    "#     plt.figure(figsize=(20, 5))\n",
    "#     plt.plot(train_losses, c='b', label='Training loss')\n",
    "#     plt.plot(test_losses, c='r', label='Testing loss')\n",
    "#     plt.xticks(np.arange(0, epochs))\n",
    "#     plt.title('Losses')\n",
    "#     plt.legend(loc='upper right')\n",
    "#     plt.show()\n",
    "#     plt.figure(figsize=(20, 5))\n",
    "#     plt.plot(accuracies)\n",
    "#     plt.xticks(np.arange(0, epochs))\n",
    "#     plt.title('Accuracy')\n",
    "#     plt.show()\n",
    "    \n",
    "\n"
   ]
  },
  {
   "cell_type": "code",
   "execution_count": 18,
   "metadata": {
    "colab": {
     "base_uri": "https://localhost:8080/",
     "height": 1000
    },
    "colab_type": "code",
    "id": "Fgb8si4s9Jb9",
    "outputId": "98c1a549-ab02-4920-f7ee-dcc0933bf8ff"
   },
   "outputs": [
    {
     "name": "stdout",
     "output_type": "stream",
     "text": [
      "tensor([[0.1870, 0.1852, 0.2390, 0.2185, 0.1703],\n",
      "        [0.1641, 0.1808, 0.2368, 0.2487, 0.1695],\n",
      "        [0.1658, 0.1694, 0.2403, 0.2543, 0.1702],\n",
      "        [0.1768, 0.1614, 0.2616, 0.2396, 0.1605],\n",
      "        [0.1606, 0.1578, 0.2633, 0.2547, 0.1635],\n",
      "        [0.1806, 0.1704, 0.2295, 0.2374, 0.1820],\n",
      "        [0.1880, 0.1694, 0.2435, 0.2211, 0.1781],\n",
      "        [0.1846, 0.1635, 0.2394, 0.2398, 0.1727],\n",
      "        [0.1948, 0.1749, 0.2356, 0.2172, 0.1774],\n",
      "        [0.1897, 0.1780, 0.2404, 0.2131, 0.1788],\n",
      "        [0.1700, 0.1755, 0.2387, 0.2338, 0.1820],\n",
      "        [0.1799, 0.1747, 0.2308, 0.2277, 0.1870],\n",
      "        [0.1888, 0.1697, 0.2302, 0.2375, 0.1738],\n",
      "        [0.1746, 0.1653, 0.2293, 0.2446, 0.1862],\n",
      "        [0.1838, 0.1779, 0.2384, 0.2353, 0.1645],\n",
      "        [0.1761, 0.1673, 0.2522, 0.2310, 0.1733],\n",
      "        [0.1863, 0.1691, 0.2391, 0.2294, 0.1761],\n",
      "        [0.1973, 0.1645, 0.2362, 0.2266, 0.1754],\n",
      "        [0.1859, 0.1607, 0.2476, 0.2335, 0.1723],\n",
      "        [0.1747, 0.1823, 0.2378, 0.2354, 0.1698],\n",
      "        [0.1889, 0.1700, 0.2412, 0.2315, 0.1683],\n",
      "        [0.1640, 0.1694, 0.2481, 0.2441, 0.1744],\n",
      "        [0.1813, 0.1747, 0.2464, 0.2155, 0.1821],\n",
      "        [0.1806, 0.1649, 0.2264, 0.2468, 0.1813],\n",
      "        [0.1739, 0.1721, 0.2374, 0.2395, 0.1771],\n",
      "        [0.1677, 0.1614, 0.2479, 0.2463, 0.1767],\n",
      "        [0.1761, 0.1715, 0.2345, 0.2319, 0.1861],\n",
      "        [0.1758, 0.1612, 0.2531, 0.2526, 0.1574],\n",
      "        [0.1794, 0.1752, 0.2277, 0.2345, 0.1831],\n",
      "        [0.1757, 0.1831, 0.2328, 0.2379, 0.1705],\n",
      "        [0.1729, 0.1751, 0.2267, 0.2530, 0.1723],\n",
      "        [0.1849, 0.1705, 0.2361, 0.2304, 0.1782]])\n",
      "tensor([[0.1879, 0.1681, 0.2491, 0.2230, 0.1719],\n",
      "        [0.1906, 0.1728, 0.2370, 0.2254, 0.1743],\n",
      "        [0.1784, 0.1715, 0.2391, 0.2500, 0.1610],\n",
      "        [0.1831, 0.1700, 0.2391, 0.2287, 0.1792],\n",
      "        [0.1937, 0.1666, 0.2359, 0.2193, 0.1845],\n",
      "        [0.1738, 0.1771, 0.2381, 0.2340, 0.1769],\n",
      "        [0.1861, 0.1576, 0.2346, 0.2493, 0.1725],\n",
      "        [0.1810, 0.1718, 0.2332, 0.2393, 0.1747],\n",
      "        [0.1691, 0.1687, 0.2435, 0.2461, 0.1726],\n",
      "        [0.1852, 0.1720, 0.2295, 0.2324, 0.1808],\n",
      "        [0.1881, 0.1667, 0.2350, 0.2280, 0.1822],\n",
      "        [0.1920, 0.1728, 0.2366, 0.2310, 0.1677],\n",
      "        [0.1982, 0.1702, 0.2368, 0.2189, 0.1759],\n",
      "        [0.1614, 0.1571, 0.2374, 0.2816, 0.1625],\n",
      "        [0.1913, 0.1775, 0.2240, 0.2252, 0.1819],\n",
      "        [0.1728, 0.1744, 0.2332, 0.2387, 0.1808],\n",
      "        [0.1690, 0.1603, 0.2443, 0.2637, 0.1627],\n",
      "        [0.1829, 0.1708, 0.2420, 0.2334, 0.1708],\n",
      "        [0.1751, 0.1711, 0.2479, 0.2367, 0.1692],\n",
      "        [0.1813, 0.1809, 0.2357, 0.2292, 0.1729],\n",
      "        [0.1829, 0.1781, 0.2311, 0.2352, 0.1726],\n",
      "        [0.1849, 0.1665, 0.2397, 0.2251, 0.1838],\n",
      "        [0.1738, 0.1599, 0.2355, 0.2576, 0.1732],\n",
      "        [0.1808, 0.1714, 0.2491, 0.2301, 0.1685]])\n",
      "Epoch: 1/100..  Training Loss: 1.607..  Test Loss: 1.597..  Test Accuracy: 0.281\n",
      "tensor([[0.0832, 0.0555, 0.3116, 0.4743, 0.0754],\n",
      "        [0.1058, 0.1058, 0.2907, 0.4307, 0.0670],\n",
      "        [0.1022, 0.0580, 0.3822, 0.3772, 0.0805],\n",
      "        [0.0983, 0.0504, 0.2593, 0.5047, 0.0872],\n",
      "        [0.0918, 0.0565, 0.2600, 0.5083, 0.0834],\n",
      "        [0.1337, 0.0852, 0.2548, 0.4507, 0.0755],\n",
      "        [0.1080, 0.0917, 0.2871, 0.3651, 0.1481],\n",
      "        [0.0826, 0.0516, 0.3303, 0.4875, 0.0480],\n",
      "        [0.1212, 0.1309, 0.3182, 0.3245, 0.1053],\n",
      "        [0.0901, 0.0522, 0.3833, 0.3833, 0.0909],\n",
      "        [0.1550, 0.0898, 0.2606, 0.3856, 0.1091],\n",
      "        [0.1084, 0.1024, 0.3361, 0.3309, 0.1222],\n",
      "        [0.0901, 0.0698, 0.2895, 0.4804, 0.0701],\n",
      "        [0.1340, 0.1099, 0.2844, 0.3887, 0.0830],\n",
      "        [0.1218, 0.0890, 0.3300, 0.4087, 0.0505],\n",
      "        [0.0959, 0.0732, 0.2946, 0.4355, 0.1008],\n",
      "        [0.1038, 0.0672, 0.3455, 0.3765, 0.1070],\n",
      "        [0.0758, 0.0522, 0.3357, 0.4714, 0.0650],\n",
      "        [0.1400, 0.1134, 0.3075, 0.3425, 0.0966],\n",
      "        [0.1504, 0.0763, 0.3192, 0.3471, 0.1070],\n",
      "        [0.1028, 0.0588, 0.3090, 0.4319, 0.0974],\n",
      "        [0.1207, 0.0918, 0.3585, 0.3339, 0.0950],\n",
      "        [0.1177, 0.0997, 0.2851, 0.3611, 0.1364],\n",
      "        [0.1127, 0.0909, 0.2825, 0.4203, 0.0935],\n",
      "        [0.1617, 0.0723, 0.2958, 0.3890, 0.0813],\n",
      "        [0.1277, 0.0687, 0.3311, 0.3727, 0.0999],\n",
      "        [0.1134, 0.0994, 0.2990, 0.3959, 0.0923],\n",
      "        [0.1019, 0.0497, 0.3445, 0.4165, 0.0874],\n",
      "        [0.1228, 0.0785, 0.3288, 0.3775, 0.0924],\n",
      "        [0.0912, 0.0664, 0.3140, 0.4251, 0.1034],\n",
      "        [0.1171, 0.0447, 0.3645, 0.4082, 0.0655],\n",
      "        [0.1320, 0.1015, 0.3181, 0.3380, 0.1103]])\n",
      "tensor([[0.1173, 0.0560, 0.3436, 0.4079, 0.0752],\n",
      "        [0.1448, 0.1006, 0.3159, 0.3304, 0.1083],\n",
      "        [0.0945, 0.0693, 0.3289, 0.4421, 0.0653],\n",
      "        [0.0913, 0.0629, 0.3078, 0.4255, 0.1124],\n",
      "        [0.1048, 0.0947, 0.3063, 0.3824, 0.1117],\n",
      "        [0.1247, 0.0835, 0.3619, 0.3309, 0.0989],\n",
      "        [0.0868, 0.0760, 0.2548, 0.4733, 0.1091],\n",
      "        [0.0909, 0.0617, 0.3732, 0.3817, 0.0925],\n",
      "        [0.1665, 0.0937, 0.3130, 0.3411, 0.0856],\n",
      "        [0.1179, 0.0797, 0.3139, 0.4085, 0.0801],\n",
      "        [0.0904, 0.0845, 0.2898, 0.4326, 0.1026],\n",
      "        [0.1696, 0.0794, 0.3380, 0.3362, 0.0769],\n",
      "        [0.1483, 0.1154, 0.2578, 0.3445, 0.1340],\n",
      "        [0.0464, 0.0518, 0.3070, 0.5337, 0.0612],\n",
      "        [0.0732, 0.0924, 0.3540, 0.4008, 0.0796],\n",
      "        [0.1538, 0.1166, 0.2913, 0.3021, 0.1363],\n",
      "        [0.1192, 0.0672, 0.2959, 0.4420, 0.0756],\n",
      "        [0.1233, 0.0861, 0.3493, 0.3258, 0.1156],\n",
      "        [0.1285, 0.0658, 0.3226, 0.3728, 0.1103],\n",
      "        [0.1112, 0.0571, 0.3335, 0.4290, 0.0692],\n",
      "        [0.1267, 0.0708, 0.3041, 0.4000, 0.0985],\n",
      "        [0.1219, 0.1086, 0.3054, 0.3451, 0.1191],\n",
      "        [0.1218, 0.0980, 0.3473, 0.3291, 0.1039],\n",
      "        [0.0684, 0.0777, 0.2841, 0.4837, 0.0861]])\n",
      "Epoch: 2/100..  Training Loss: 1.594..  Test Loss: 1.568..  Test Accuracy: 0.307\n",
      "tensor([[0.0611, 0.0226, 0.1967, 0.6946, 0.0250],\n",
      "        [0.0672, 0.0085, 0.3519, 0.5543, 0.0181],\n",
      "        [0.0962, 0.0242, 0.2864, 0.5700, 0.0233],\n",
      "        [0.0594, 0.0124, 0.4787, 0.4363, 0.0131],\n",
      "        [0.1015, 0.0261, 0.2844, 0.5670, 0.0210],\n",
      "        [0.0441, 0.0240, 0.3937, 0.5105, 0.0277],\n",
      "        [0.0371, 0.0247, 0.2924, 0.6094, 0.0365],\n",
      "        [0.0335, 0.0068, 0.2506, 0.6981, 0.0110],\n",
      "        [0.0825, 0.0185, 0.3752, 0.4854, 0.0383],\n",
      "        [0.1154, 0.0217, 0.2869, 0.5512, 0.0249],\n",
      "        [0.1531, 0.0481, 0.3601, 0.3804, 0.0583],\n",
      "        [0.0592, 0.0180, 0.4668, 0.4344, 0.0216],\n",
      "        [0.0281, 0.0119, 0.3467, 0.6011, 0.0121],\n",
      "        [0.0902, 0.0252, 0.3629, 0.5019, 0.0198],\n",
      "        [0.0433, 0.0176, 0.3014, 0.6220, 0.0157],\n",
      "        [0.0447, 0.0084, 0.5187, 0.4049, 0.0233],\n",
      "        [0.0588, 0.0269, 0.2962, 0.5745, 0.0437],\n",
      "        [0.1052, 0.0293, 0.3176, 0.4877, 0.0602],\n",
      "        [0.0403, 0.0162, 0.3903, 0.5364, 0.0169],\n",
      "        [0.0259, 0.0095, 0.3155, 0.6299, 0.0192],\n",
      "        [0.0598, 0.0267, 0.3002, 0.5736, 0.0398],\n",
      "        [0.0952, 0.0266, 0.5068, 0.3514, 0.0200],\n",
      "        [0.0584, 0.0218, 0.3821, 0.4804, 0.0572],\n",
      "        [0.0782, 0.0210, 0.2386, 0.6427, 0.0196],\n",
      "        [0.0548, 0.0139, 0.3298, 0.5917, 0.0099],\n",
      "        [0.0526, 0.0127, 0.4629, 0.4548, 0.0169],\n",
      "        [0.0361, 0.0078, 0.4455, 0.4968, 0.0138],\n",
      "        [0.0278, 0.0230, 0.1560, 0.7805, 0.0127],\n",
      "        [0.0744, 0.0299, 0.4187, 0.4608, 0.0162],\n",
      "        [0.0903, 0.0322, 0.4772, 0.3409, 0.0594],\n",
      "        [0.0459, 0.0510, 0.2767, 0.5915, 0.0350],\n",
      "        [0.0699, 0.0394, 0.3029, 0.5424, 0.0454]])\n",
      "tensor([[0.0487, 0.0096, 0.3779, 0.5494, 0.0144],\n",
      "        [0.0326, 0.0201, 0.2553, 0.6729, 0.0190],\n",
      "        [0.0247, 0.0294, 0.2133, 0.6897, 0.0429],\n",
      "        [0.0582, 0.0319, 0.2994, 0.5874, 0.0232],\n",
      "        [0.0802, 0.0196, 0.3465, 0.5330, 0.0208],\n",
      "        [0.0326, 0.0123, 0.4098, 0.5137, 0.0315],\n",
      "        [0.0345, 0.0144, 0.2376, 0.6864, 0.0272],\n",
      "        [0.0596, 0.0212, 0.1810, 0.7198, 0.0184],\n",
      "        [0.0167, 0.0073, 0.4206, 0.5405, 0.0150],\n",
      "        [0.0596, 0.0155, 0.4014, 0.5003, 0.0232],\n",
      "        [0.0588, 0.0271, 0.4309, 0.4409, 0.0424],\n",
      "        [0.0268, 0.0212, 0.3067, 0.6248, 0.0205],\n",
      "        [0.0506, 0.0191, 0.3353, 0.5611, 0.0338],\n",
      "        [0.0391, 0.0131, 0.2879, 0.6469, 0.0129],\n",
      "        [0.0342, 0.0201, 0.2599, 0.6712, 0.0147],\n",
      "        [0.0898, 0.0462, 0.4850, 0.2971, 0.0819],\n",
      "        [0.0297, 0.0058, 0.2447, 0.7067, 0.0131],\n",
      "        [0.1139, 0.0408, 0.3058, 0.5042, 0.0353],\n",
      "        [0.1014, 0.0256, 0.3474, 0.4946, 0.0311],\n",
      "        [0.0832, 0.0268, 0.2118, 0.6591, 0.0191],\n",
      "        [0.0702, 0.0247, 0.3872, 0.4905, 0.0274],\n",
      "        [0.0744, 0.0288, 0.3749, 0.4728, 0.0491],\n",
      "        [0.0673, 0.0232, 0.3893, 0.5019, 0.0182],\n",
      "        [0.0245, 0.0083, 0.3103, 0.6488, 0.0080]])\n",
      "Epoch: 3/100..  Training Loss: 1.578..  Test Loss: 1.561..  Test Accuracy: 0.297\n",
      "tensor([[0.0554, 0.0108, 0.3629, 0.5530, 0.0179],\n",
      "        [0.0520, 0.0088, 0.3756, 0.5473, 0.0163],\n",
      "        [0.0585, 0.0160, 0.4688, 0.4358, 0.0210],\n",
      "        [0.0247, 0.0139, 0.4010, 0.5516, 0.0087],\n",
      "        [0.0473, 0.0138, 0.4398, 0.4853, 0.0138],\n",
      "        [0.0365, 0.0089, 0.3456, 0.5915, 0.0174],\n",
      "        [0.0719, 0.0119, 0.5026, 0.3833, 0.0304],\n",
      "        [0.0174, 0.0021, 0.5090, 0.4644, 0.0071],\n",
      "        [0.0361, 0.0154, 0.7404, 0.1866, 0.0215],\n",
      "        [0.0561, 0.0071, 0.5167, 0.4081, 0.0119],\n",
      "        [0.0668, 0.0179, 0.5059, 0.3690, 0.0404],\n",
      "        [0.0793, 0.0338, 0.5099, 0.3139, 0.0631],\n",
      "        [0.0273, 0.0137, 0.2928, 0.6410, 0.0252],\n",
      "        [0.0565, 0.0164, 0.5580, 0.3298, 0.0393],\n",
      "        [0.0246, 0.0066, 0.4345, 0.5261, 0.0082],\n",
      "        [0.0365, 0.0121, 0.4017, 0.5364, 0.0134],\n",
      "        [0.0602, 0.0136, 0.6721, 0.2292, 0.0249],\n",
      "        [0.0398, 0.0249, 0.4596, 0.4394, 0.0363],\n",
      "        [0.0538, 0.0291, 0.3665, 0.5123, 0.0382],\n",
      "        [0.0336, 0.0210, 0.6456, 0.2686, 0.0311],\n",
      "        [0.0547, 0.0167, 0.5732, 0.3340, 0.0213],\n",
      "        [0.0779, 0.0078, 0.5792, 0.2985, 0.0366],\n",
      "        [0.0362, 0.0161, 0.6918, 0.2208, 0.0351],\n",
      "        [0.0519, 0.0154, 0.5601, 0.3299, 0.0427],\n",
      "        [0.0321, 0.0107, 0.3983, 0.5427, 0.0162],\n",
      "        [0.0371, 0.0058, 0.5641, 0.3738, 0.0192],\n",
      "        [0.0720, 0.0081, 0.4002, 0.4981, 0.0216],\n",
      "        [0.0204, 0.0021, 0.3261, 0.6463, 0.0052],\n",
      "        [0.0429, 0.0271, 0.4674, 0.4258, 0.0369],\n",
      "        [0.0924, 0.0159, 0.5778, 0.2914, 0.0225],\n",
      "        [0.0421, 0.0057, 0.3809, 0.5613, 0.0101],\n",
      "        [0.0519, 0.0098, 0.6339, 0.2835, 0.0209]])\n",
      "tensor([[0.0681, 0.0117, 0.4183, 0.4862, 0.0157],\n",
      "        [0.0667, 0.0113, 0.6128, 0.2817, 0.0274],\n",
      "        [0.0274, 0.0128, 0.4141, 0.5265, 0.0192],\n",
      "        [0.0306, 0.0083, 0.3236, 0.6219, 0.0157],\n",
      "        [0.0652, 0.0163, 0.5470, 0.3283, 0.0433],\n",
      "        [0.0611, 0.0153, 0.4909, 0.4064, 0.0264],\n",
      "        [0.0386, 0.0113, 0.4985, 0.4281, 0.0234],\n",
      "        [0.0467, 0.0092, 0.5636, 0.3619, 0.0186],\n",
      "        [0.0189, 0.0045, 0.7365, 0.2324, 0.0077],\n",
      "        [0.0368, 0.0145, 0.5428, 0.3774, 0.0285],\n",
      "        [0.0465, 0.0195, 0.5683, 0.3399, 0.0257],\n",
      "        [0.0308, 0.0094, 0.6059, 0.3440, 0.0099],\n",
      "        [0.0442, 0.0248, 0.7091, 0.1926, 0.0294],\n",
      "        [0.0189, 0.0040, 0.2741, 0.6964, 0.0066],\n",
      "        [0.0207, 0.0034, 0.5092, 0.4553, 0.0114],\n",
      "        [0.0873, 0.0277, 0.5208, 0.2870, 0.0772],\n",
      "        [0.0223, 0.0063, 0.3839, 0.5755, 0.0120],\n",
      "        [0.0748, 0.0176, 0.5099, 0.3573, 0.0403],\n",
      "        [0.0331, 0.0095, 0.4697, 0.4759, 0.0119],\n",
      "        [0.0358, 0.0099, 0.3603, 0.5705, 0.0234],\n",
      "        [0.0415, 0.0103, 0.3232, 0.6181, 0.0069],\n",
      "        [0.0472, 0.0094, 0.6294, 0.2861, 0.0279],\n",
      "        [0.0377, 0.0065, 0.3587, 0.5748, 0.0223],\n",
      "        [0.0538, 0.0304, 0.4742, 0.4104, 0.0312]])\n",
      "Epoch: 4/100..  Training Loss: 1.532..  Test Loss: 1.532..  Test Accuracy: 0.401\n"
     ]
    },
    {
     "name": "stdout",
     "output_type": "stream",
     "text": [
      "tensor([[0.0373, 0.0070, 0.2227, 0.7214, 0.0117],\n",
      "        [0.0264, 0.0090, 0.2727, 0.6833, 0.0087],\n",
      "        [0.0259, 0.0128, 0.2121, 0.7385, 0.0107],\n",
      "        [0.0305, 0.0058, 0.2143, 0.7437, 0.0057],\n",
      "        [0.0160, 0.0072, 0.8123, 0.1460, 0.0184],\n",
      "        [0.0189, 0.0136, 0.6447, 0.3017, 0.0212],\n",
      "        [0.0298, 0.0097, 0.5714, 0.3746, 0.0144],\n",
      "        [0.0699, 0.0150, 0.3724, 0.5205, 0.0221],\n",
      "        [0.0600, 0.0256, 0.7488, 0.1310, 0.0346],\n",
      "        [0.0474, 0.0168, 0.6146, 0.2757, 0.0455],\n",
      "        [0.0643, 0.0252, 0.5765, 0.3170, 0.0171],\n",
      "        [0.0368, 0.0077, 0.8015, 0.1373, 0.0167],\n",
      "        [0.0813, 0.0265, 0.4288, 0.4472, 0.0162],\n",
      "        [0.0330, 0.0214, 0.3310, 0.5900, 0.0247],\n",
      "        [0.0209, 0.0034, 0.0963, 0.8770, 0.0024],\n",
      "        [0.0305, 0.0127, 0.2083, 0.7336, 0.0149],\n",
      "        [0.0163, 0.0060, 0.8681, 0.0978, 0.0118],\n",
      "        [0.0664, 0.0164, 0.7402, 0.1557, 0.0213],\n",
      "        [0.0349, 0.0100, 0.3708, 0.5681, 0.0161],\n",
      "        [0.0607, 0.0098, 0.5537, 0.3595, 0.0162],\n",
      "        [0.0276, 0.0080, 0.3533, 0.6025, 0.0087],\n",
      "        [0.0283, 0.0105, 0.4182, 0.5331, 0.0100],\n",
      "        [0.0738, 0.0403, 0.6738, 0.1566, 0.0555],\n",
      "        [0.0304, 0.0079, 0.7907, 0.1426, 0.0283],\n",
      "        [0.0635, 0.0080, 0.3444, 0.5674, 0.0167],\n",
      "        [0.0354, 0.0218, 0.3833, 0.5317, 0.0278],\n",
      "        [0.0263, 0.0063, 0.3042, 0.6526, 0.0106],\n",
      "        [0.0988, 0.0253, 0.2169, 0.6406, 0.0183],\n",
      "        [0.0532, 0.0222, 0.4037, 0.4932, 0.0276],\n",
      "        [0.0484, 0.0144, 0.7301, 0.1763, 0.0309],\n",
      "        [0.0250, 0.0178, 0.1923, 0.7571, 0.0079],\n",
      "        [0.0310, 0.0111, 0.6928, 0.2521, 0.0130]])\n",
      "tensor([[0.0805, 0.0080, 0.5297, 0.3547, 0.0270],\n",
      "        [0.0515, 0.0269, 0.5793, 0.3049, 0.0374],\n",
      "        [0.0116, 0.0071, 0.4683, 0.5077, 0.0054],\n",
      "        [0.0249, 0.0138, 0.2960, 0.6593, 0.0060],\n",
      "        [0.0801, 0.0152, 0.7409, 0.1304, 0.0334],\n",
      "        [0.0537, 0.0125, 0.6047, 0.3056, 0.0235],\n",
      "        [0.0616, 0.0146, 0.4837, 0.4222, 0.0179],\n",
      "        [0.0302, 0.0120, 0.5080, 0.4376, 0.0122],\n",
      "        [0.0376, 0.0101, 0.2983, 0.6326, 0.0215],\n",
      "        [0.0453, 0.0082, 0.3426, 0.5952, 0.0086],\n",
      "        [0.0202, 0.0076, 0.6748, 0.2834, 0.0140],\n",
      "        [0.0226, 0.0172, 0.4610, 0.4904, 0.0089],\n",
      "        [0.0600, 0.0310, 0.6372, 0.1943, 0.0775],\n",
      "        [0.0105, 0.0066, 0.1216, 0.8590, 0.0023],\n",
      "        [0.0528, 0.0100, 0.2361, 0.6913, 0.0098],\n",
      "        [0.0542, 0.0227, 0.7557, 0.1280, 0.0394],\n",
      "        [0.0223, 0.0035, 0.1988, 0.7683, 0.0070],\n",
      "        [0.0962, 0.0180, 0.5696, 0.2934, 0.0229],\n",
      "        [0.0186, 0.0108, 0.1050, 0.8580, 0.0076],\n",
      "        [0.0221, 0.0033, 0.3085, 0.6596, 0.0065],\n",
      "        [0.0387, 0.0158, 0.1881, 0.7358, 0.0216],\n",
      "        [0.0321, 0.0125, 0.7940, 0.1404, 0.0210],\n",
      "        [0.0303, 0.0086, 0.5305, 0.4169, 0.0137],\n",
      "        [0.0092, 0.0061, 0.5575, 0.4212, 0.0061]])\n",
      "Epoch: 5/100..  Training Loss: 1.537..  Test Loss: 1.514..  Test Accuracy: 0.396\n",
      "tensor([[0.0149, 0.0027, 0.1832, 0.7974, 0.0019],\n",
      "        [0.0140, 0.0024, 0.0750, 0.9064, 0.0021],\n",
      "        [0.0261, 0.0131, 0.2029, 0.7509, 0.0071],\n",
      "        [0.0157, 0.0023, 0.0938, 0.8854, 0.0028],\n",
      "        [0.0069, 0.0048, 0.9354, 0.0388, 0.0142],\n",
      "        [0.0267, 0.0094, 0.9124, 0.0358, 0.0158],\n",
      "        [0.0449, 0.0434, 0.4871, 0.4039, 0.0207],\n",
      "        [0.0386, 0.0075, 0.3882, 0.5586, 0.0071],\n",
      "        [0.0162, 0.0041, 0.9397, 0.0320, 0.0079],\n",
      "        [0.0212, 0.0052, 0.9048, 0.0639, 0.0049],\n",
      "        [0.0226, 0.0118, 0.8220, 0.1244, 0.0191],\n",
      "        [0.0311, 0.0266, 0.8332, 0.0663, 0.0429],\n",
      "        [0.0215, 0.0092, 0.6245, 0.3330, 0.0118],\n",
      "        [0.0365, 0.0094, 0.2583, 0.6868, 0.0090],\n",
      "        [0.0037, 0.0018, 0.0802, 0.9133, 0.0010],\n",
      "        [0.0156, 0.0051, 0.2329, 0.7416, 0.0049],\n",
      "        [0.0386, 0.0133, 0.8454, 0.0881, 0.0145],\n",
      "        [0.0185, 0.0068, 0.8998, 0.0619, 0.0130],\n",
      "        [0.0149, 0.0073, 0.2022, 0.7716, 0.0040],\n",
      "        [0.0512, 0.0195, 0.7765, 0.1278, 0.0250],\n",
      "        [0.1916, 0.0162, 0.3281, 0.4407, 0.0233],\n",
      "        [0.0425, 0.0065, 0.4188, 0.5253, 0.0069],\n",
      "        [0.0163, 0.0086, 0.8882, 0.0693, 0.0175],\n",
      "        [0.0223, 0.0045, 0.9129, 0.0387, 0.0216],\n",
      "        [0.0329, 0.0153, 0.1292, 0.8091, 0.0134],\n",
      "        [0.0202, 0.0076, 0.4566, 0.5082, 0.0073],\n",
      "        [0.0111, 0.0027, 0.1782, 0.8031, 0.0048],\n",
      "        [0.0178, 0.0040, 0.7691, 0.1983, 0.0107],\n",
      "        [0.0516, 0.0430, 0.6443, 0.2295, 0.0316],\n",
      "        [0.0396, 0.0055, 0.8900, 0.0499, 0.0150],\n",
      "        [0.0078, 0.0034, 0.0554, 0.9308, 0.0026],\n",
      "        [0.0758, 0.0245, 0.2473, 0.6374, 0.0151]])\n",
      "tensor([[3.5868e-02, 5.4465e-03, 2.1589e-01, 7.3760e-01, 5.1918e-03],\n",
      "        [3.0657e-02, 1.0655e-02, 7.6322e-01, 1.8077e-01, 1.4696e-02],\n",
      "        [1.0435e-02, 4.7449e-03, 1.0619e-01, 8.7713e-01, 1.4971e-03],\n",
      "        [2.0265e-02, 7.5463e-03, 1.6342e-01, 8.0204e-01, 6.7219e-03],\n",
      "        [3.3910e-02, 1.9265e-02, 8.5702e-01, 5.1148e-02, 3.8659e-02],\n",
      "        [2.1520e-02, 4.8995e-03, 7.6565e-01, 1.9397e-01, 1.3962e-02],\n",
      "        [4.4270e-02, 1.3331e-02, 1.9396e-01, 7.2588e-01, 2.2560e-02],\n",
      "        [2.3071e-02, 5.2039e-03, 1.0146e-01, 8.6601e-01, 4.2538e-03],\n",
